9770933
9770279
9771007
9770931
9771174
9770998
9771168
9770927
9770712
9770997
9770723
9771109
9770941
9770984
9771180
9770527
9771259
9770975
9770981
9771258
9770934
9771152
9771009
9770982
9770986
9770741
9770991
9771181
9771120
9771173
9770752
9770753
9770755
9771187
9771204
9771175
9770764
9771268
9770911
9770770
9770090
9771208
9770774
9770929
9770950
9770995
9770932
9770963
9770779
9771210
9770980
9770356
9771186
9770786
9770999
9771220
9771001
9770967
9771058
9771214
9770968
9771206
9771192
9771270
9770587
9770372
9771017
9771010
9771037
9771216
9770871
9770872
9771193
9771038
9770966
9771107
9771162
9770808
9770876
9770813
9770905
9770414
9771218
9771176
9770826
9770878
9771060
9771217
9771238
9771209
9770836
9771219
9771257
9770839
9771000
9770951
9770846
9771273
9770926
9770881
9771178
9771287
9771068
9771155
9770973
9770990
9770456
9770852
9771113
9771172
9770952
9771121
9771266
9770859
9770676
9771118
9770864
9770936
9771142
9771233
9771165
9771108
9770956
9771224
9771164
9771136
9771285
9770719
9771195
9770725
9771024
9771144
9770985
9771225
9771249
9771147
9771127
9771171
9771223
9771134
9771023
9771228
9771141
9771248
9770742
9771163
9771135
9771125
9771226
9771148
9771128
9770767
9770768
9771137
9771166
9770944
9771133
9771030
9771103
9771236
9771254
9771246
9771008
9770996
9771132
9771143
9771202
9771126
9771199
9771227
9771239
9771240
9771123
9771232
9771251
9771255
9771242
9770598
9770811
9770812
9771247
9771032
9771028
9770602
9771003
9771139
9771253
9771245
9771140
9770914
9771189
9771229
9770835
9771002
9770837
9771243
9771041
9771244
9770954
9771235
9771250
9771252
9771194
9771231
9771146
9771006
9771286
9770450
9771234
9771197
9771241
9771256
9770962
9771130
9771276
9771274
9770886
9771277
9770977
9771278
9771275
9771279
9771283
9771281
9771282
9771261
9770679
9771237
9771271
9771145
9771015
9771076
9770912
9771012
9770883
9770858
9770869
9770784
9771089
9771263
9771153
9771091
9771093
9771098
9771170
9771221
9771212
9771092
9771094
9771090
9771198
9771191
9771106
9771260
9771154
9771207
9771151
9771185
9771269
9771284
9771158
9771115
9771184
9771213
9771201
9771205
9771190
9771129
9771157
9771177
9771203
9771110
9771160
9771272
9771150
9771200
9771114
9771122
9771264
9771156
9771215
9771117
9771112
9771119
9771188
9771267
9771211
9771182
9771196
9771149
9771179
9771167
9771183
9771161
9771230
9771169
9771111
9771138
9771262
9771159
